solid OpenSCAD_Model
  facet normal 0 0 -1
    outer loop
      vertex -10.2 -15.2 -0.5
      vertex 10.2 -10.2 -0.5
      vertex 10.2 -15.2 -0.5
    endloop
  endfacet
  facet normal -0 0 -1
    outer loop
      vertex 10.2 -10.2 -0.5
      vertex -10.2 -15.2 -0.5
      vertex -10.2 -10.2 -0.5
    endloop
  endfacet
  facet normal 0 0 -1
    outer loop
      vertex -15.2 -10.2 -0.5
      vertex -10.2 10.2 -0.5
      vertex -10.2 -10.2 -0.5
    endloop
  endfacet
  facet normal -0 0 -1
    outer loop
      vertex -10.2 10.2 -0.5
      vertex -15.2 -10.2 -0.5
      vertex -15.2 10.2 -0.5
    endloop
  endfacet
  facet normal 0 0 -1
    outer loop
      vertex 10.2 -10.2 -0.5
      vertex 15.2 10.2 -0.5
      vertex 15.2 -10.2 -0.5
    endloop
  endfacet
  facet normal -0 0 -1
    outer loop
      vertex 15.2 10.2 -0.5
      vertex 10.2 -10.2 -0.5
      vertex 10.2 10.2 -0.5
    endloop
  endfacet
  facet normal 0 0 -1
    outer loop
      vertex -10.2 10.2 -0.5
      vertex 10.2 15.2 -0.5
      vertex 10.2 10.2 -0.5
    endloop
  endfacet
  facet normal -0 0 -1
    outer loop
      vertex 10.2 15.2 -0.5
      vertex -10.2 10.2 -0.5
      vertex -10.2 15.2 -0.5
    endloop
  endfacet
  facet normal 0 1 -0
    outer loop
      vertex -10.2 -10.2 -5
      vertex -15.2 -10.2 -0.5
      vertex -10.2 -10.2 -0.5
    endloop
  endfacet
  facet normal 0 1 0
    outer loop
      vertex -15.2 -10.2 -0.5
      vertex -10.2 -10.2 -5
      vertex -15.2 -10.2 -5
    endloop
  endfacet
  facet normal 0 1 -0
    outer loop
      vertex 15.2 -10.2 -5
      vertex 10.2 -10.2 -0.5
      vertex 15.2 -10.2 -0.5
    endloop
  endfacet
  facet normal 0 1 0
    outer loop
      vertex 10.2 -10.2 -0.5
      vertex 15.2 -10.2 -5
      vertex 10.2 -10.2 -5
    endloop
  endfacet
  facet normal 0 -1 0
    outer loop
      vertex 10.2 10.2 -5
      vertex 15.2 10.2 -0.5
      vertex 10.2 10.2 -0.5
    endloop
  endfacet
  facet normal 0 -1 -0
    outer loop
      vertex 15.2 10.2 -0.5
      vertex 10.2 10.2 -5
      vertex 15.2 10.2 -5
    endloop
  endfacet
  facet normal 0 -1 0
    outer loop
      vertex -15.2 10.2 -5
      vertex -10.2 10.2 -0.5
      vertex -15.2 10.2 -0.5
    endloop
  endfacet
  facet normal 0 -1 -0
    outer loop
      vertex -10.2 10.2 -0.5
      vertex -15.2 10.2 -5
      vertex -10.2 10.2 -5
    endloop
  endfacet
  facet normal 1 -0 0
    outer loop
      vertex -10.2 -15.2 -0.5
      vertex -10.2 -10.2 -5
      vertex -10.2 -10.2 -0.5
    endloop
  endfacet
  facet normal 1 0 0
    outer loop
      vertex -10.2 -10.2 -5
      vertex -10.2 -15.2 -0.5
      vertex -10.2 -15.2 -5
    endloop
  endfacet
  facet normal 1 -0 0
    outer loop
      vertex -10.2 10.2 -0.5
      vertex -10.2 15.2 -5
      vertex -10.2 15.2 -0.5
    endloop
  endfacet
  facet normal 1 0 0
    outer loop
      vertex -10.2 15.2 -5
      vertex -10.2 10.2 -0.5
      vertex -10.2 10.2 -5
    endloop
  endfacet
  facet normal -1 0 0
    outer loop
      vertex 10.2 -15.2 -5
      vertex 10.2 -10.2 -0.5
      vertex 10.2 -10.2 -5
    endloop
  endfacet
  facet normal -1 -0 0
    outer loop
      vertex 10.2 -10.2 -0.5
      vertex 10.2 -15.2 -5
      vertex 10.2 -15.2 -0.5
    endloop
  endfacet
  facet normal -1 0 0
    outer loop
      vertex 10.2 10.2 -5
      vertex 10.2 15.2 -0.5
      vertex 10.2 15.2 -5
    endloop
  endfacet
  facet normal -1 -0 0
    outer loop
      vertex 10.2 15.2 -0.5
      vertex 10.2 10.2 -5
      vertex 10.2 10.2 -0.5
    endloop
  endfacet
  facet normal -1 0 0
    outer loop
      vertex -15.2 -10.2 -5
      vertex -15.2 -15.2 -5
      vertex -15.2 -10.2 -0.5
    endloop
  endfacet
  facet normal -1 0 0
    outer loop
      vertex -15.2 10.2 -0.5
      vertex -15.2 15.2 -5
      vertex -15.2 10.2 -5
    endloop
  endfacet
  facet normal -1 0 0
    outer loop
      vertex -15.2 15.2 -5
      vertex -15.2 10.2 -0.5
      vertex -15.2 15.2 5
    endloop
  endfacet
  facet normal -1 0 0
    outer loop
      vertex -15.2 -10.2 -0.5
      vertex -15.2 15.2 5
      vertex -15.2 10.2 -0.5
    endloop
  endfacet
  facet normal -1 0 0
    outer loop
      vertex -15.2 -10.2 -0.5
      vertex -15.2 -15.2 5
      vertex -15.2 15.2 5
    endloop
  endfacet
  facet normal -1 0 0
    outer loop
      vertex -15.2 -15.2 5
      vertex -15.2 -10.2 -0.5
      vertex -15.2 -15.2 -5
    endloop
  endfacet
  facet normal 0 0 1
    outer loop
      vertex 15.2 15.2 5
      vertex 10.2 10.2 5
      vertex 15.2 -15.2 5
    endloop
  endfacet
  facet normal 0 0 1
    outer loop
      vertex 15.2 15.2 5
      vertex -10.2 10.2 5
      vertex 10.2 10.2 5
    endloop
  endfacet
  facet normal 0 0 1
    outer loop
      vertex -10.2 10.2 5
      vertex -15.2 15.2 5
      vertex -10.2 -10.2 5
    endloop
  endfacet
  facet normal -0 0 1
    outer loop
      vertex -15.2 15.2 5
      vertex -10.2 10.2 5
      vertex 15.2 15.2 5
    endloop
  endfacet
  facet normal -0 0 1
    outer loop
      vertex 10.2 -10.2 5
      vertex 15.2 -15.2 5
      vertex 10.2 10.2 5
    endloop
  endfacet
  facet normal -0 0 1
    outer loop
      vertex -10.2 -10.2 5
      vertex 15.2 -15.2 5
      vertex 10.2 -10.2 5
    endloop
  endfacet
  facet normal 0 0 1
    outer loop
      vertex -10.2 -10.2 5
      vertex -15.2 -15.2 5
      vertex 15.2 -15.2 5
    endloop
  endfacet
  facet normal 0 0 1
    outer loop
      vertex -15.2 -15.2 5
      vertex -10.2 -10.2 5
      vertex -15.2 15.2 5
    endloop
  endfacet
  facet normal 1 0 0
    outer loop
      vertex 15.2 15.2 5
      vertex 15.2 10.2 -0.5
      vertex 15.2 15.2 -5
    endloop
  endfacet
  facet normal 1 0 0
    outer loop
      vertex 15.2 15.2 5
      vertex 15.2 -10.2 -0.5
      vertex 15.2 10.2 -0.5
    endloop
  endfacet
  facet normal 1 -0 0
    outer loop
      vertex 15.2 -15.2 5
      vertex 15.2 -10.2 -0.5
      vertex 15.2 15.2 5
    endloop
  endfacet
  facet normal 1 0 0
    outer loop
      vertex 15.2 -15.2 -5
      vertex 15.2 -10.2 -0.5
      vertex 15.2 -15.2 5
    endloop
  endfacet
  facet normal 1 0 0
    outer loop
      vertex 15.2 -10.2 -0.5
      vertex 15.2 -15.2 -5
      vertex 15.2 -10.2 -5
    endloop
  endfacet
  facet normal 1 0 0
    outer loop
      vertex 15.2 15.2 -5
      vertex 15.2 10.2 -0.5
      vertex 15.2 10.2 -5
    endloop
  endfacet
  facet normal 0 1 0
    outer loop
      vertex 15.2 15.2 5
      vertex 10.2 15.2 -0.5
      vertex -15.2 15.2 5
    endloop
  endfacet
  facet normal 0 1 -0
    outer loop
      vertex 15.2 15.2 -5
      vertex 10.2 15.2 -0.5
      vertex 15.2 15.2 5
    endloop
  endfacet
  facet normal 0 1 0
    outer loop
      vertex 10.2 15.2 -0.5
      vertex 15.2 15.2 -5
      vertex 10.2 15.2 -5
    endloop
  endfacet
  facet normal 0 1 -0
    outer loop
      vertex -10.2 15.2 -0.5
      vertex -15.2 15.2 5
      vertex 10.2 15.2 -0.5
    endloop
  endfacet
  facet normal 0 1 0
    outer loop
      vertex -15.2 15.2 -5
      vertex -10.2 15.2 -0.5
      vertex -10.2 15.2 -5
    endloop
  endfacet
  facet normal 0 1 0
    outer loop
      vertex -10.2 15.2 -0.5
      vertex -15.2 15.2 -5
      vertex -15.2 15.2 5
    endloop
  endfacet
  facet normal 0 0 -1
    outer loop
      vertex -15.2 10.2 -5
      vertex -10.2 15.2 -5
      vertex -10.2 10.2 -5
    endloop
  endfacet
  facet normal -0 0 -1
    outer loop
      vertex -10.2 15.2 -5
      vertex -15.2 10.2 -5
      vertex -15.2 15.2 -5
    endloop
  endfacet
  facet normal 0 0 -1
    outer loop
      vertex -15.2 -15.2 -5
      vertex -10.2 -10.2 -5
      vertex -10.2 -15.2 -5
    endloop
  endfacet
  facet normal -0 0 -1
    outer loop
      vertex -10.2 -10.2 -5
      vertex -15.2 -15.2 -5
      vertex -15.2 -10.2 -5
    endloop
  endfacet
  facet normal 0 0 -1
    outer loop
      vertex 10.2 -15.2 -5
      vertex 15.2 -10.2 -5
      vertex 15.2 -15.2 -5
    endloop
  endfacet
  facet normal -0 0 -1
    outer loop
      vertex 15.2 -10.2 -5
      vertex 10.2 -15.2 -5
      vertex 10.2 -10.2 -5
    endloop
  endfacet
  facet normal 0 0 -1
    outer loop
      vertex 10.2 10.2 -5
      vertex 15.2 15.2 -5
      vertex 15.2 10.2 -5
    endloop
  endfacet
  facet normal -0 0 -1
    outer loop
      vertex 15.2 15.2 -5
      vertex 10.2 10.2 -5
      vertex 10.2 15.2 -5
    endloop
  endfacet
  facet normal 0 -1 0
    outer loop
      vertex -15.2 -15.2 5
      vertex -10.2 -15.2 -0.5
      vertex 15.2 -15.2 5
    endloop
  endfacet
  facet normal 0 -1 0
    outer loop
      vertex -15.2 -15.2 -5
      vertex -10.2 -15.2 -0.5
      vertex -15.2 -15.2 5
    endloop
  endfacet
  facet normal 0 -1 -0
    outer loop
      vertex -10.2 -15.2 -0.5
      vertex -15.2 -15.2 -5
      vertex -10.2 -15.2 -5
    endloop
  endfacet
  facet normal 0 -1 0
    outer loop
      vertex 10.2 -15.2 -0.5
      vertex 15.2 -15.2 5
      vertex -10.2 -15.2 -0.5
    endloop
  endfacet
  facet normal 0 -1 0
    outer loop
      vertex 15.2 -15.2 -5
      vertex 10.2 -15.2 -0.5
      vertex 10.2 -15.2 -5
    endloop
  endfacet
  facet normal 0 -1 0
    outer loop
      vertex 10.2 -15.2 -0.5
      vertex 15.2 -15.2 -5
      vertex 15.2 -15.2 5
    endloop
  endfacet
  facet normal 1 -0 0
    outer loop
      vertex -10.2 -10.2 5
      vertex -10.2 10.2 -0.5
      vertex -10.2 10.2 5
    endloop
  endfacet
  facet normal 1 0 0
    outer loop
      vertex -10.2 10.2 -0.5
      vertex -10.2 -10.2 5
      vertex -10.2 -10.2 -0.5
    endloop
  endfacet
  facet normal -1 0 0
    outer loop
      vertex 10.2 -10.2 -0.5
      vertex 10.2 10.2 5
      vertex 10.2 10.2 -0.5
    endloop
  endfacet
  facet normal -1 -0 0
    outer loop
      vertex 10.2 10.2 5
      vertex 10.2 -10.2 -0.5
      vertex 10.2 -10.2 5
    endloop
  endfacet
  facet normal 0 1 -0
    outer loop
      vertex 10.2 -10.2 -0.5
      vertex -10.2 -10.2 5
      vertex 10.2 -10.2 5
    endloop
  endfacet
  facet normal 0 1 0
    outer loop
      vertex -10.2 -10.2 5
      vertex 10.2 -10.2 -0.5
      vertex -10.2 -10.2 -0.5
    endloop
  endfacet
  facet normal 0 -1 0
    outer loop
      vertex -10.2 10.2 -0.5
      vertex 10.2 10.2 5
      vertex -10.2 10.2 5
    endloop
  endfacet
  facet normal 0 -1 -0
    outer loop
      vertex 10.2 10.2 5
      vertex -10.2 10.2 -0.5
      vertex 10.2 10.2 -0.5
    endloop
  endfacet
endsolid OpenSCAD_Model
